$ANSIBLE_VAULT;1.1;AES256
63323330633637663063393235656536323462396632383638313639303437396561333630666137
6139353831303836383037376166663766616362616262300a373536356639646233353861626361
34326437356534613232653732376633396233613633663163393763323830373537383765653536
3838613439623130370a626439376232383731326666383464366432393063643131393534373533
32393632393830383639313665346261636165643139386638323165393833616366663664343831
63383935336137623531326436353939636563376233343464336138393139333038303164396531
39373462373163306132306463333936633431313430353664306463363437323964616464393637
66613031623839316438323366613262613430646533366532383731663938336533623133613934
39623736653935663533613431653933306665373535353036616531343632333930623935376463
31623032316636613536346332663333626462383866356437396234343039623063663931643061
38383761623466663632653661326161303533363965333635616563623333393233366337616436
34363331316630653937616562626463343265653930666661343939666166303166303065386162
39356362353934373433613334376665396563303138323164313866316437616432666337343566
33616136326361666633306637363262393466663633333237306337633030623736663037346631
36373637663639336234303732636334636261373364616135636463613635353133656236653337
35656539343962363665613366373937633530326130313434663635396531396166643164333232
35323662306237653938613338636134356431633939363632363065323830656434666131386431
38396631613536313638386635623337386233653435646661363633636638623333343939306532
38383639623337663735353863383864336465636534613437393434663830393264306161313766
65623533343430356138626163633839363564633363346363336333613335613330343539383666
62393433626638666531633430396337646464356666353734336438373432646131616165343362
32303064636133396431653533396136613532666133633537633963373861653531623435623462
30626338633337326534303333393562643331613735626463356131616365336361383432303965
61326638353935363232643137623035616131383161303463623362303136363832323132333637
65633933653136333633323936633831353966663061316463343636663766383232646261356133
36363234356230316432666134666235386665626632343932616430656134376364386435346238
65663737386236316139393335643961633633326637616562333533383136343331306531646230
38323732303263396265636235363936333431346239653233663262353635373966353763633937
32363733626639653837353238626532356631323265396236376333616435306238373066326138
34616331346130373934613261656334313031666131396261343835653830666464333733316465
30386336396234633630353235363230356230393738636432376338316461313931366562653834
34636231373330656661626339663463626565333266353261663137346138363434633561326330
33313034636263316436653436656133346135306165613864383963333232666136633039306139
32313365623362313661636635306536626263396662386566363665376432373635336230356435
64643538363363323430616337306533303766333533396236666565613561343439366266666663
34333161356666653662323863376438666162663830353539636635656538313836323262616164
62653464356265656639613062313638346566623464646261303837336664666263386465623936
38383565353663616431323962383462343062343761333032353232356536373961306565343635
63653437343565616332386363636338346262663230343238383866366436663735363438323631
32613933396434663964373838666232366363663837326461306166333465396666386136346462
65343733363231326130666462306135646132363739663835376333623830663237373862353238
63316131646332346333313663623662306564373030633930386538613939313432336636383662
34616163656162343835336165623063393738383134356361663834363136643632613835316262
63356337636665663734346432363231626236396334643064663862363436376238316265346331
37316465326465303565646432346634666563666233646663623162356238633931613561323562
64323432323265663538323762393965343963326461613137613333616162323030626665326665
38303931616435303436326466626261366437633135363932306664303232313838613634303331
32383731343330346365663735363838636538313564376231666637666265643664396361313834
30323239346365613333376439343637333839323539646139333965303738326535303664346464
35336633346237316633313761633665376532623537373664373865356463633965323039653366
32613463633666626130373963303561376138396631626466623161353334363430383639383036
38636538663133623063636537316533303763363630666431633832626630613834663737386263
37373238613261623435663837383362666361333134306263373835313261336137663032373463
35613966633463396461643239343533346230353863336135326538623164623433346636383937
65633932623762343563633031633662646333626330633331353632346465356432323861363433
39363464336464353032663338653264366563373736303531346539313866386331376664396636
63333137626266313663373539323531343962336334333438353461643739613066616161663562
31333237366239346564373935613334313338366133623263386439353136623865383631353832
35363832333836346634653939313931356430643165306636396231323737613039303038376164
36323662323930646437363432313966656334343465333233356431376633663139613062623734
34616236613862373161376666346566386638316666373837343239646366663939356432613635
36353435643738343030383338646636333539393134626533613936383561316334373864636138
64633635353064623338373930636165363132363339666334313830383538613234653361646339
64323239613639303737313763643762376439373233353331383464316333626265306230323231
63373932633065383061326131333933393237313232323035383764303961653162353235393437
65633038653762353430353365663065373934366538666630353762626564333535376131306330
64383030343138346164643438306235333539626436653138313638613138323034346465623565
33323132663866613338393566623263326132363734366137326637313137633939303663633963
30353333303863393964303633316636643832363637376233353262353032373065663436666564
66636439303035393861636439653131363732326538643061653065356630653037346365393037
65623634393136326633323831633030366337326437356432323733306631313061303231646565
30666266343461363965636562636565363265363261303563636637656133323065306130636465
65333137373336623931373432363033383635303464623963353263383261373632666437623938
62333337666137636335666237373362623230613631613036643836383637303365393939663832
30383463376363653038356136646165383536633735663734323134646131303365646565396334
35653166396530633461373832616631663739373631333036333832626139626535306239346139
39386338396664623939393865663337613264653235626536383537346332616130393733343864
37366532396239636264306266363539303731666139336566323165356231643362636462346234
31393935336239636561656134313631333635616234313266313239313235393338646361323635
32623933343039393932306533626263333534333166306134323836376130346334303763626334
63373866656666623064353937663433366330393662613765363862303435356364663035396266
66363131633763356633633234623237313530303066313331363565646435653238356232656530
36643665373261343364306536666262306633313834306662316430373563383438366165373063
66353663313132633861323939306239643034366366653330333463333063636531366439393537
37366231633235373764646361663936623638316530396138613030636633326233356164386132
30623732643238626536356639353335616564376337663430626230613839623164623139663936
64393633623630376462326662656232313335613766623332316331646338343632363966646639
35303962303165343334653861646331303762386666653134306137643535623065653334623763
34663938356464363339353735616131643334616532663963636639353531313461323332333135
61363233343333656364646430366664336438636164663865636666386333373234323864666539
63333232636538636439643966323732656333383364383233303038643039383332333130346366
32636330393835353231633962666364356637616236323764373537303538356165613165343632
64316465366264353366313437346464336433626431373632616663373463373037643061386230
65366366613230646533363264626239386363373737663763323038623032323966313037636232
32393766346631336463333130656161303962356339383066303737353033643036306233636130
35663432613932663934383634356433326463356433656337383963396264363661333138656235
37366564363436653839653438626164396536343632393237303730623363373365656465316338
35623864396366393531323963663537346261396461643733306566356634386231633530336537
65353662633266323333303761626335653636393033656330633261656230323361316439633038
64356666376461353136643533343261383137323333386634323138383063626433383663383065
35353839313439663839663732326232633964353433353265356665376532643566666366316561
62386133313164613333356163356265366362316361656637353962356437333938356232373261
64356236656162336161393133613039323064326233373136646136373964633365356439373937
61386162666330643562323633633164616330363733383434643133393738643435633134383331
31386533373230613536326532396330633038393037636561336535383238386338383465653434
34626635646266613364343234643062613162623331643031663438313532653161623661663332
66643831363361663539313238313639626639663331393539383731396135376434346163373237
36376137326230303430626231346261633533663864326337356137646366646564323235623232
37633466653064306333303964643334366463376330626235333063393231373864623833386636
39656665393064376533323139353933623734346565643537306666346361353263613133343964
36666130333365666230316233353034393964303265333436636666383239333930646338313735
32633133646232656466346532303835353164316636343466336465323239323037363332393861
30396130633334663937353738343232616637633935623335376363653132343562393035333764
61386361643539366363303265316636353065366639646164353838303762313461366363663839
35653937383963393130653634353233623335363132316261656236313038333536303434643633
36616662623137303437656462616437333439303265303831313835386364613835313564626636
64343637353564643332396666336564393538363566333434393332366338643135366565663131
36613361333761633538336235363536653965393834396434366439326431316137653937316137
33383733313665393938386131663935366562656537626462613437666135323930376331663161
64383632326339343637366530336537613136613439363962366538633865316438623334646263
36663362333637643361333930643033353865386338306163616461643736616438333034303236
33613331653865653835306366636634666533353639363562373065343362656332343035343034
61333562336339353439623066323965363130393836343733613264373062363937643837363961
37303333333932393931663432343339623262663466353634626138363138656161653263653730
33396532626433396439653863663564613734356439346466633331643438316665613736663863
30333463623538373931306130343538316233316436623832366132336435623364616666363861
31613064396265303663396133373434623530303635396334336362626464323732366663376366
63633335326532653436343966316638363735343539353930656261363563333561303264366661
35323166643334333434333030343563306534666166383064363132353139326163393765343965
39313465383634653937613063363061323836613162313361623031383962343762366630636331
38653562373361613538306462653563323536613539373232316136363062656535663266383833
36363537633532646136336533636664303261613539303531333738656130376139663433386364
31663136653833613666363261396230376666636463373764343432376361656435633938383332
64626631333932343239643539636362363135333734656562343064663334356264363731393139
64333736363832636464666536663865303335636631323536613063396636633161643866366166
30373066306366623238633232633438306662633038316665383635656361316139663239393263
61376539616534346162613566626336323332383932666232393330643865623637666132313535
3233306165643265636634313664343536333839353739386532
